33323735313133313731393133323932
31333733313433343734333539353136
37363137333739373338393837393031
31313330303131373930313131333732
33313131373333313139393435313131
37353631313337363731313339373831
31313139393131333739393132393131
32323233373232323239333333323239
31343532323137353632323339363732
32313737383232313338393233333730
31333331333131333337313333333337
37343433333933353533333937363733
33333937383333333938393334373130
30343439393132343431313333343433
39333434343339343534343731363634
34333736373434393738393434313939
30353533393032353531333234353531
37343535353733363635353931373735
35373738393535333939303636313730
31363633373131363639313334363631
33343436363733353536363931363736
36333737383636333139303737313930
31373739373233373733393334373733
31353537373731363637373933373837
37373739303838393131323838313332
32383837393233383839333535383837
39353638383337373838383133383838
39373730313939313931323939393733
34393931373435393933373637393931
37373839393331393939313730303139
31303133313031393230313133303131
33303133333031393430313935303131
36303131363031333630313938303137
39303131393031333930313730313133
30313139313131373231313332313139
35313131353131333631313337313131
38313131383131373931313330323131
31323133313231373232313332323139
33323131333231373432313935323139
37323137373231393832313338323139
39323131393231373033313130333133
30333137313331393233313132333137
36333131363331373733313338333131
39333139303431393234313332343137
32343139333431333334313934343137
35343131353431333534313937343131
38343131383431333834313738343139
39343133393431393135313132353133
33353131343531333435313935353133
35353139363531373735313137353139
38353133393531373036313130363137
30363139313631333136313932363131
32363137333631373536313736363133
36363137363631393936313339363137
39363139303731393237313132373133
33373133343731313437313735373133
35373139373731373837313338373137
38373139303831313138313132383133
33383131343831373638313136383137
37383131373831333738313737383139
38383139303931313039313731393133
33393131333931333439313935393131
37393133373931393839313739393133
39393137393932393030323331303231
31303237323032373230323933303239
35303233363032333630323938303231
38303233383032373830323939303239
31313231313132333231323933313231
33313237343132313431323335313233
36313231373132393032323330323237
31323233323232313332323733323239
34323233353232313632323736323239
37323233383232313832323739323233
39323237303332393133323133333233
33333239343332313433323735333231
35333237373332313733323738333231
38333233383332393933323339333239
31343231313432373234323333343237
34343231343432373534323936343237
37343233373432373035323332353231
33353231333532393435323334353239
35353231353532373735323939353231
39353233303632393136323732363231
33363233343632373536323735363239
36363233373632313736323738363233
38363237383632393936323339363239
30373237313732313137323331373239
32373239333732313437323134373239
35373233363732373737323738373239
39373231393732373038323130383233
31383239333832333338323734383233
35383231353832373638323137383239
38383237393832373039323330393239
31393237323932373339323935393233
35393237363932333639323937393231
39393339303033313130333131303339
32303333333033373430333134303339
36303331363033373730333938303333
38303339303133393131333932313331
33313337363133333631333736313339
38313331383133373931333130323333
30323339313233373232333132323339
35323331353233333532333735323339
37323331393233393033333130333337
31333333313333393233333332333339
33333331343333333433333735333339
36333331373333313733333338333339
39333331303433373134333333343333
34343339353433373634333136343333
36343337363433393934333139343339
31353331313533373235333732353339
33353333333533393435333134353337
35353337353533393735333138353331
38353333393533333036333731363333
31363337323633333336333133363337
34363333353633393736333137363333
37363337393633313936333730373331
30373339313733393237333733373333
33373339363733313637333736373339
37373339393733333937333730383333
32383331323833333338333334383337
35383331353833333638333337383337
38383331383833393039333731393331
31393337313933393239333332393339
33393331343933333439333736393337
38393439303034313030343330303437
31303433313034393230343132303437
34303439353034313530343737303433
37303439393034313930343339303439
31313431323134373231343933313433
33313439353134333531343735313439
37313437303234313132343131323437
31323439323234393332343134323431
34323433353234333532343936323431
37323431373234333832343338323439
39323437323334373333343733333439
34333439353334373633343337333433
39333431393334373034343932343431
32343433343434313434343735343431
35343437363434333834343138343433
39343433303534373135343331353437
31353439323534333435343734353439
36353431363534373835343339353431
39353437303634333236343133363437
33363439343634333436343935363431
35363437363634333736343337363439
39363431303734333237343132373433
32373439333734333537343135373439
38373433383734373837343939373433
39373439303834313138343331383437
33383431363834313738343137383437
38383439303934333039343931393439
33393431333934333339343734393433
35393431353934373639343736393439
37393433383934373939343339393539
30303533303035393130353132303531
32303533333035393530353135303539
37303537383035313830353739303539
30313531303135373131353331313539
34313537353135333631353737313531
37313539383135393931353730323539
32323537333235313332353333323537
36323531373235333732353938323531
39323537303335333033353932333533
33333533343335373533353138333531
38333537393335333933353930343537
31343533313435373134353933343531
33343537343435313434353334343539
37343531373435373734353938343533
30353531303535333035353731353539
32353531323535373335353135353537
36353533363535393735353338353531
39353531323635333336353934363531
34363537353635313536353335363537
35363539363635393836353338363539
39363533303735313137353131373537
33373537343735313437353334373539
37373539383735333937353130383531
30383537313835333238353132383537
33383539343835333438353935383531
35383537363835313638353736383539
37383539383835313938353730393533
32393533323935373339353935393533
38393531383936373030363731303631
32303639333036373430363334303637
35303633363036373730363337303639
38303639393036313031363131313633
32313631333136313331363334313633
35313631363136333731363339313637
39313639303236333132363131323637
32323631323236393432363735323637
36323633363236393732363137323637
38323637393236393033363131333631
31333637323336333233363933333637
34333633353336333533363936333631
36333637373336333733363938333639
39333637323436313234363734343639
35343631363436393734363338343631
39343631323536313235363934353637
35353631353536333635363336353639
37353631373536373835363139353639
30363637313636393336363735363633
35363639363636313736363337363639
38363639393636313037363130373633
30373639313736393337363333373637
36373631363736333737363938373631
39373631393736333038363332383633
32383637323836393338363334383631
35383637363836333638363937383631
38383633393836393039363731393631
31393637343936373439363935393639
36393631363936373739363137393637
38393633393936313939373730303731
31303733313037393230373733303739
34303733353037373630373937303739
30313733303137393231373132313737
32313739353137313531373937313737
38313737393137333032373731323731
31323733313237393232373933323737
34323733343237373532373338323733
39323737303337373033373932333731
33333731333337333433373935333731
36333739393337333134373131343737
33343733353437313534373735343739
37343737383437313834373738343739
39343739303537373135373732353733
32353739333537373435373134353737
34353739353537393635373137353733
37353737383537333835373939353731
30363733303637373236373133363739
34363733343637393636373937363733
38363731383637373936373139363739
30373733313737373237373332373737
34373731353737333537373735373739
38373739393737333138373732383733
32383739343837313538373336383737
37383733373837373738373938383733
30393731303937373139003900000000
